$ANSIBLE_VAULT;1.1;AES256
65383431393063316332643262633964363933306235343139356562656332663238616333343835
3335626461353338303964353265353331376530616462380a336564303366323739396333616564
30623065326630313762333435323531386563623861306366653066313864383038653966323162
3563396137633632610a613435643063396638626237666566363231643963366663626132343336
62626435643139363539353137346232396632663262326433623365663764373336316434356437
64343261313566663437653230633166303331623538346332323864376434316262383065643339
33623032656563343962613163353262623634346262616237663638376266313832656230633961
32663434383330353238646432623637373232663336653830366161383831666234313437636437
33393732333433306232383732346138343131373930396238626664363336623637323336623864
38333832643430346337323439366632383138323764376531333933356136663032323362366135
63663939656266383038613733366138663030623465373564653035326334663863343861303861
39336138663965643631306533393534316637633535366535353733393834313863633433363035
38646132386131396530616533303130336361613533306463633066386166316535
