$ANSIBLE_VAULT;1.1;AES256
34376535373366353461646635303439633632383038343634373564653766643065363130333031
3433623333633631306564626233653936613333623236310a366137333734333532363639343363
63356663306137636339313465323263363430333635636262353964306633363764613830626430
6438366533666338650a653361633432353062663131353636353830323765303365613463626466
33663366633266356565613634323538303161313532373037636430303666623138303665643063
33373464326136626566303964353035623866653665393836306131626236343130333238376333
38393637363334663734643230333532353035313030633835626339363237393964646462323764
62373434316162666365313364343265643532613934383230323064653234656337633262373461
65383333333762323935396233353666656337616361353338353737636662633763353133636638
33646331316365313032396264656135353634323037373133666337353034393835643963353464
33333963666532666164636531663338366430393331393637313635643230383533323532303134
34393539616530303032326561626636623466396338616661396630613837613236663831666438
65393165333238393733393263623038326630633834666164623232656230633131393536646133
62363035656636303333636135356164666263316338616435343764663636626438323731313764
35353336303861383938626433363631623837323963303861373839306464663563313936336636
36356534333661313731343364323963366334643235383736383233343732663439633032663230
65383339633963336638366134626665626332343261623431626662653564623464613936353263
62373535316537313032613962393434323934343236366132333032333662323161653538623665
34666439316630343363376535373635663436323232663834323964383766613062386163643937
39333163636634613038653735656134666666613564636461613935383233616432613564383338
64653832663837316438356439326166616230303432326434376534363965663066373438326262
33356333353636626437363431306531353931656162373039653961653133643635323766636539
30383264376661666530396462663064356365663739323066306638313036313565663739656630
37333233386331373365643165656535643962396339653163396466303965306461373439353663
35623534393736333634326530373764613033383938396463633338383133313932
